[[0,
  8,
  21,
  69,
  71,
  89,
  93,
  103,
  116,
  1039,
  1078,
  1132,
  1151,
  1154,
  1156,
  1161,
  1166,
  1174,
  1175,
  1177,
  1179,
  1180],
 [1, 61, 67, 70, 72, 77, 115, 1005, 1010, 1114, 1115, 1117, 1119],
 [2,
  31,
  43,
  44,
  49,
  58,
  62,
  78,
  81,
  85,
  86,
  88,
  108,
  111,
  1014,
  1015,
  1018,
  1019,
  1023,
  1026,
  1046,
  1048,
  1052,
  1058,
  1072,
  1074,
  1076,
  1077,
  1079,
  1080,
  1082,
  1104,
  1107,
  1133,
  1136,
  1137,
  1139,
  1140,
  1141,
  1143,
  1146,
  1153,
  1163,
  1170,
  1173,
  1176,
  1178,
  1182,
  1183,
  1184,
  1185],
 [3,
  26,
  40,
  64,
  99,
  1003,
  1006,
  1008,
  1009,
  1063,
  1065,
  1067,
  1124,
  1157,
  1158,
  1159,
  1164],
 [4, 53, 1086],
 [6,
  9,
  16,
  17,
  20,
  24,
  46,
  50,
  56,
  57,
  65,
  74,
  75,
  96,
  101,
  999,
  1000,
  1011,
  1012,
  1016,
  1022,
  1030,
  1031,
  1032,
  1034,
  1036,
  1040,
  1064,
  1073,
  1095,
  1100,
  1103,
  1116,
  1118,
  1120,
  1121,
  1122,
  1129,
  1135,
  1168,
  1172],
 [10,
  33,
  38,
  45,
  51,
  76,
  109,
  998,
  1001,
  1002,
  1050,
  1051,
  1053,
  1054,
  1083,
  1085,
  1090,
  1126,
  1138,
  1142,
  1147],
 [11, 55, 59, 90, 91, 94, 1037, 1105, 1150, 1160],
 [12, 14, 23, 25, 92, 997, 1020, 1021, 1035, 1047, 1155],
 [13, 19, 102, 1027, 1033, 1038, 1041, 1055],
 [15, 18, 22, 28, 1017],
 [27, 35, 60, 66, 1042, 1112],
 [30,
  34,
  36,
  37,
  84,
  1007,
  1043,
  1045,
  1049,
  1056,
  1060,
  1062,
  1088,
  1101,
  1131,
  1134],
 [39,
  48,
  54,
  63,
  87,
  1066,
  1081,
  1084,
  1089,
  1091,
  1092,
  1093,
  1094,
  1096,
  1097,
  1098,
  1099,
  1108,
  1110,
  1111,
  1113,
  1130],
 [7, 41, 83, 1068],
 [73, 95, 1149, 1152],
 [79, 97, 1144],
 [104, 107, 1169],
 [105, 106, 1128],
 [110, 121, 126, 1186, 1190, 1191, 1315, 1319, 1320, 1322],
 [112,
  128,
  129,
  131,
  132,
  134,
  135,
  137,
  141,
  162,
  168,
  172,
  184,
  187,
  190,
  192,
  197,
  199,
  203,
  212,
  217,
  218,
  1199,
  1200,
  1202,
  1203,
  1206,
  1207,
  1208,
  1210,
  1217,
  1220,
  1221,
  1222,
  1223,
  1230,
  1232,
  1233,
  1234,
  1236,
  1240,
  1241,
  1249,
  1258,
  1259,
  1265,
  1276,
  1279,
  1280,
  1282,
  1284,
  1285,
  1286,
  1293,
  1294,
  1295,
  1297,
  1298,
  1299,
  1300,
  1304,
  1305,
  1311,
  1312,
  1326,
  1330,
  1334],
 [113,
  118,
  124,
  153,
  157,
  159,
  160,
  173,
  174,
  175,
  176,
  180,
  183,
  205,
  1201,
  1252,
  1256,
  1262,
  1264,
  1267,
  1268,
  1271,
  1274,
  1281,
  1283,
  1288,
  1291,
  1303,
  1325,
  1327],
 [114,
  117,
  119,
  120,
  127,
  136,
  138,
  149,
  154,
  156,
  178,
  182,
  191,
  193,
  194,
  200,
  202,
  204,
  207,
  213,
  214,
  215,
  216,
  1181,
  1187,
  1188,
  1189,
  1192,
  1196,
  1205,
  1211,
  1212,
  1215,
  1216,
  1218,
  1226,
  1237,
  1238,
  1239,
  1251,
  1260,
  1301,
  1306,
  1307,
  1309,
  1310,
  1316,
  1328,
  1332,
  1333],
 [123,
  133,
  139,
  140,
  142,
  143,
  145,
  146,
  147,
  148,
  151,
  152,
  155,
  166,
  169,
  195,
  196,
  201,
  1193,
  1194,
  1197,
  1198,
  1209,
  1228,
  1231,
  1244,
  1245,
  1246,
  1247,
  1248,
  1250,
  1253,
  1255,
  1275,
  1278],
 [130, 1213, 1214],
 [144, 158, 1257],
 [150, 198, 1254, 1277, 1296, 1324],
 [164, 177, 206, 1224, 1227, 1261, 1273, 1313, 1314, 1317, 1318],
 [167, 170, 1263, 1266],
 [179, 1195, 1287],
 [181, 1235, 1323],
 [186, 189, 1302],
 [219,
  221,
  223,
  224,
  225,
  226,
  227,
  228,
  229,
  232,
  233,
  239,
  257,
  259,
  281,
  291,
  294,
  295,
  297,
  298,
  299,
  302,
  303,
  308,
  310,
  314,
  316,
  317,
  318,
  319,
  320,
  322,
  324,
  325,
  327,
  339,
  341,
  342,
  356,
  360,
  364,
  373,
  383,
  384,
  385,
  386,
  387,
  389,
  390,
  392,
  394,
  396,
  409,
  412,
  414,
  415,
  416,
  419,
  421,
  428,
  429,
  435,
  439,
  440,
  442,
  443,
  444,
  445,
  446,
  447,
  448,
  449,
  450,
  451,
  457,
  458,
  467,
  471,
  763,
  1335,
  1336,
  1337,
  1338,
  1340,
  1341,
  1342,
  1343,
  1344,
  1348,
  1349,
  1351,
  1353,
  1376,
  1378,
  1379,
  1389,
  1397,
  1401,
  1403,
  1405,
  1426,
  1429,
  1430,
  1431,
  1432,
  1434,
  1435,
  1436,
  1437,
  1438,
  1439,
  1440,
  1441,
  1443,
  1444,
  1445,
  1452,
  1453,
  1459,
  1461,
  1462,
  1464,
  1465,
  1470,
  1471,
  1472,
  1474,
  1492,
  1495,
  1499,
  1513,
  1519,
  1521,
  1522,
  1523,
  1524,
  1544,
  1547,
  1554,
  1561,
  1565,
  1566,
  1568,
  1570,
  1571,
  1573,
  1576,
  1577,
  1579,
  1580,
  1581,
  1582,
  1583,
  1585,
  1586,
  1587,
  1588,
  1589,
  1591,
  1596],
 [220, 375, 377, 378, 379, 1509],
 [230,
  260,
  326,
  333,
  343,
  345,
  346,
  349,
  351,
  352,
  1380,
  1386,
  1463,
  1469,
  1482,
  1486,
  1487,
  1491,
  1553],
 [231,
  258,
  277,
  280,
  336,
  353,
  358,
  393,
  403,
  404,
  410,
  418,
  424,
  452,
  453,
  454,
  455,
  456,
  459,
  460,
  465,
  1345,
  1346,
  1347,
  1374,
  1442,
  1454,
  1457,
  1466,
  1477,
  1504,
  1520,
  1526,
  1527,
  1541,
  1542,
  1545,
  1559,
  1563,
  1569,
  1578,
  1592,
  1594,
  1595],
 [234, 236, 240, 243, 301, 328, 423, 1350, 1356, 1357, 1358, 1359, 1360, 1433],
 [237, 242, 399, 402, 1355, 1533, 1537],
 [244, 246, 252, 253, 340, 1362, 1367, 1369, 1371],
 [248, 1363, 1365, 1366, 1398],
 [249, 265, 296, 441, 1364, 1498, 1506, 1507, 1584],
 [250, 367, 381, 382, 1500, 1502, 1514, 1560],
 [255, 264, 268, 1382, 1384, 1385, 1387],
 [261, 276, 835, 1824],
 [267, 274, 1393],
 [269, 271, 273, 1390, 1391],
 [283, 285, 289, 1396, 1400, 1416, 1478, 1480, 1483, 1484, 1517, 1518],
 [284, 1418, 1497],
 [287,
  288,
  309,
  411,
  461,
  1394,
  1408,
  1421,
  1427,
  1446,
  1448,
  1449,
  1451,
  1455,
  1479,
  1515,
  1549,
  1590],
 [290,
  293,
  350,
  1406,
  1409,
  1411,
  1412,
  1413,
  1417,
  1420,
  1423,
  1424,
  1425,
  1531,
  1532],
 [304, 305, 306, 312, 376, 1428, 1450],
 [323, 331, 1468, 1512, 1933],
 [321, 329, 332, 1383, 1458, 1460],
 [330, 422, 430, 1572],
 [334, 337, 338, 437, 1473],
 [354, 359, 417, 420, 1488, 1490, 1493, 1496, 1562, 1564],
 [355, 357, 1501],
 [374, 380, 1567],
 [405,
  468,
  469,
  738,
  749,
  755,
  989,
  1558,
  1805,
  1806,
  1827,
  1832,
  1875,
  1901,
  2024,
  2048,
  2059],
 [408, 903, 1557],
 [433, 434, 438, 1370],
 [436, 1368, 1372, 1381, 1388, 1395, 1399, 1456],
 [464,
  515,
  549,
  556,
  563,
  596,
  655,
  681,
  683,
  685,
  1606,
  1621,
  1672,
  1673,
  1674,
  1686,
  1749,
  1753],
 [466, 511, 513],
 [472, 473, 625, 643, 659, 1607, 1609, 1610, 1611, 1706, 1714],
 [475, 477, 512, 516, 627, 629, 630, 633, 634, 635, 636, 638, 1635, 1708],
 [478, 505, 615, 684],
 [479, 552, 1603],
 [480,
  483,
  484,
  493,
  496,
  497,
  503,
  506,
  507,
  508,
  510,
  531,
  540,
  541,
  542,
  543,
  544,
  546,
  547,
  555,
  568,
  569,
  570,
  573,
  574,
  576,
  577,
  578,
  579,
  580,
  581,
  582,
  583,
  585,
  586,
  587,
  589,
  590,
  597,
  598,
  599,
  600,
  601,
  602,
  603,
  604,
  605,
  618,
  650,
  657,
  658,
  660,
  664,
  665,
  667,
  668,
  672,
  680,
  682,
  1598,
  1599,
  1601,
  1604,
  1605,
  1613,
  1614,
  1618,
  1619,
  1625,
  1630,
  1632,
  1638,
  1639,
  1647,
  1648,
  1649,
  1650,
  1659,
  1660,
  1662,
  1664,
  1665,
  1668,
  1669,
  1670,
  1671,
  1675,
  1676,
  1677,
  1678,
  1679,
  1682,
  1683,
  1688,
  1689,
  1695,
  1703,
  1709,
  1723,
  1725,
  1728,
  1729,
  1731,
  1735,
  1743,
  1744,
  1745,
  1746,
  1748],
 [481, 669, 670, 1608, 1612, 1617, 1754],
 [482, 490, 622, 1690],
 [485,
  501,
  502,
  526,
  559,
  566,
  567,
  621,
  624,
  651,
  1626,
  1657,
  1681,
  1691,
  1692,
  1693,
  1694],
 [487, 520, 534, 535, 537, 539, 551, 637, 666, 1629, 1651, 1653],
 [489, 492, 1616],
 [491, 527, 530, 611, 640, 654, 656, 1644, 1646, 1684, 1711, 1712],
 [495, 504, 523, 528, 529, 653, 1628, 1631, 1636, 1717],
 [514, 545, 553, 616, 617, 1633, 1652, 1655, 1663, 1696, 1733],
 [517,
  521,
  536,
  571,
  572,
  584,
  608,
  609,
  612,
  613,
  614,
  620,
  623,
  626,
  628,
  631,
  644,
  647,
  662,
  663,
  673,
  677,
  1597,
  1627,
  1642,
  1666,
  1667,
  1680,
  1698,
  1701,
  1704,
  1715,
  1716,
  1719,
  1720,
  1724,
  1726,
  1730,
  1734,
  1739,
  1750],
 [522, 525, 554, 1640, 1643],
 [560, 561, 591, 595],
 [632, 639, 642, 645, 1710, 1713],
 [588, 592, 646],
 [674, 676, 1732, 1741],
 [678, 679, 1738, 1751],
 [687, 849, 852, 934, 936, 943, 948, 949, 952, 1760, 1928],
 [689,
  804,
  814,
  824,
  855,
  857,
  859,
  1764,
  1865,
  1867,
  1870,
  1876,
  1877,
  1930,
  1931,
  1958,
  2014,
  2021],
 [690,
  699,
  701,
  704,
  706,
  710,
  711,
  715,
  721,
  725,
  731,
  732,
  735,
  742,
  745,
  746,
  747,
  754,
  770,
  771,
  773,
  774,
  776,
  777,
  778,
  782,
  783,
  784,
  785,
  786,
  788,
  798,
  799,
  809,
  810,
  811,
  812,
  816,
  817,
  827,
  828,
  837,
  842,
  854,
  861,
  863,
  888,
  889,
  890,
  891,
  893,
  946,
  950,
  955,
  959,
  960,
  961,
  965,
  970,
  971,
  972,
  986,
  990,
  1757,
  1761,
  1762,
  1765,
  1776,
  1777,
  1780,
  1790,
  1796,
  1798,
  1799,
  1800,
  1801,
  1804,
  1808,
  1809,
  1813,
  1814,
  1815,
  1831,
  1847,
  1853,
  1854,
  1855,
  1856,
  1857,
  1858,
  1859,
  1860,
  1861,
  1862,
  1864,
  1874,
  1886,
  1887,
  1888,
  1889,
  1893,
  1897,
  1903,
  1904,
  1905,
  1908,
  1912,
  1915,
  1917,
  1923,
  1926,
  1927,
  1934,
  1957,
  1961,
  1963,
  1964,
  1966,
  1980,
  1982,
  1985,
  2001,
  2003,
  2005,
  2018,
  2019,
  2022,
  2026,
  2031,
  2032,
  2034,
  2037,
  2054,
  2063],
 [691, 692, 693, 801, 1759, 1935],
 [694, 698, 790, 792, 793, 797, 1756],
 [695,
  697,
  702,
  707,
  739,
  744,
  753,
  757,
  789,
  808,
  831,
  850,
  853,
  909,
  910,
  915,
  940,
  944,
  954,
  964,
  974,
  1782,
  1784,
  1791,
  1797,
  1826,
  1850,
  1863,
  1880,
  1881,
  1894,
  1924,
  1925,
  1978,
  1990,
  1992,
  1994,
  2008,
  2011,
  2020,
  2035,
  2043,
  2053],
 [696,
  700,
  703,
  708,
  709,
  712,
  713,
  714,
  716,
  718,
  720,
  722,
  728,
  762,
  839,
  841,
  844,
  923,
  935,
  941,
  983,
  1769,
  1770,
  1771,
  1772,
  1773,
  1774,
  1775,
  1778,
  1779,
  1781,
  1783,
  1785,
  1786,
  1787,
  1794,
  1841,
  1848,
  1871,
  1911,
  1914,
  1991,
  2013,
  2015,
  2023,
  2039,
  2040,
  2042,
  2056],
 [717, 876, 1959],
 [719, 727, 916, 973, 993, 1788, 1793, 1899],
 [723, 899, 900, 904, 907, 908, 931, 1792, 1968, 1970, 1975, 1976, 1977, 1979],
 [724, 729, 751, 764, 802, 806, 929, 1802, 1807, 1845, 1878, 1885, 1998],
 [726, 826, 1795],
 [733, 734, 736, 737, 795, 796, 807, 1810, 1811, 1962],
 [741,
  924,
  926,
  927,
  928,
  930,
  995,
  1820,
  1825,
  1987,
  1993,
  1995,
  1996,
  1997,
  1999,
  2002,
  2004,
  2064],
 [743, 1763, 1766],
 [748, 911, 912, 913, 1816, 1819, 1973, 1974],
 [750,
  756,
  759,
  761,
  765,
  766,
  829,
  832,
  833,
  836,
  1833,
  1834,
  1835,
  1836,
  1838,
  1839,
  1842,
  1844,
  1906,
  1907,
  1910,
  1913,
  1981],
 [752, 758, 969, 1812],
 [767, 1758, 1843, 2012, 2017],
 [768,
  794,
  813,
  818,
  821,
  823,
  914,
  917,
  918,
  919,
  920,
  921,
  922,
  1884,
  1909,
  1986,
  1988,
  1989],
 [769, 772, 819, 976, 1846, 2044],
 [780, 787, 1868, 1869],
 [800, 834, 1882],
 [803,
  820,
  873,
  874,
  875,
  877,
  878,
  879,
  880,
  881,
  882,
  883,
  898,
  975,
  977,
  980,
  981,
  982,
  984,
  1789,
  1829,
  1902,
  1943,
  1946,
  1947,
  1948,
  1950,
  1952,
  1967,
  1971,
  2045,
  2046,
  2047,
  2049,
  2050,
  2055,
  2057],
 [266, 822, 825, 978, 1404, 1840, 1890, 1891, 1895],
 [830, 962, 1898, 1900, 1983, 1984],
 [838, 847, 848, 901, 902, 1918, 1919, 1920, 1922, 1955, 1965, 1972],
 [791, 840, 951, 957, 1828, 1852, 2025, 2027, 2028, 2030],
 [843,
  845,
  858,
  860,
  862,
  866,
  939,
  1556,
  1916,
  1921,
  1932,
  1937,
  1939,
  1940,
  2006,
  2010,
  2029,
  2060],
 [864, 865, 868, 872, 1941, 1942, 1944, 1945],
 [867, 1768, 1936, 2052],
 [869, 871, 884, 933, 1956],
 [887, 992, 1949, 1954],
 [894, 895, 896, 1817, 1818, 1951, 1953, 1969],
 [886, 945, 947, 956, 1960],
 [963, 966, 967, 2036, 2041],
 [985, 988, 991, 994, 2058, 2061, 2062],
 [391, 1339, 1352, 1447, 1511, 1528, 1530, 1534, 1535, 1540, 1543],
 [335, 1419, 1481, 1485],
 [1415, 1467, 1529],
 [400, 1539, 1546, 1551],
 [488, 500, 1622],
 [519, 558, 1637],
 [1656, 1705, 1721]]